
% Description of the parameters

global SM Lamda1 Lamda2 muM a1 a2 muMi ST Lamda3 muT a3 muTi 
global N2 N3 Gamma1 k1 muV N1 Gamma2 k2 muB


SM=-0.4289 ;
Lamda1=0.1575;
Lamda2=0.2689 ;
muM=-0.4406;
a1=-0.000337;
a2=0.1866 ;
muMi=-0.18629;
ST=-0.6538;
Lamda3=0.57124;
muT=-0.57145;
a3=0.57123;
muTi=-0.91399;
N2=0.5425;
N3=0.2112;
Gamma1=0.03;
k1=-0.8492;
muV=-0.6988;
N1=0.01598 ;
Gamma2=-0.007; 
k2=-0.1259;
muB=-0.0058 ;