
% Description of the parameters

global SM Lamda1 Lamda2 muM a1 a2 muMi ST Lamda3 muT a3 muTi 
global N2 N3 Gamma1 k1 muV N1 Gamma2 k2 muB

SM=12;
Lamda1=0.0003;
Lamda2=0.0000022;
muM=0.011;
a1=0.00002;
a2=0.015;
muMi=0.011;
ST=12;
Lamda3=0.000024;
muT=0.05;
a3=0.1;
muTi=0.025;
N2=500;
N3=500;
Gamma1=0.03;
k1=0.00074;
muV=2.4;
N1=50;
Gamma2=0.007;
k2=0.5;
muB=0.5;